lastAccountName: bigbadben15
timestamps:
  login: 1571777865559
  kits:
    vip: 1571611175647
  logout: 1571778616558
  lastteleport: 1571775468736
ipAddress: 0:0:0:0:0:0:0:1
nickname: §cTWC
logoutlocation:
  world: world
  x: 12.574893370749393
  y: 172.0
  z: 999951.3778480478
  yaw: -182.15637
  pitch: 42.15001
lastlocation:
  world: world
  x: -107.03848154604775
  y: 62.0
  z: 1000599.0107129287
  yaw: -97.92776
  pitch: -4.3874655
