lastAccountName: bigbadben15
timestamps:
  login: 1571768325411
  kits:
    vip: 1571611175647
  logout: 1571701537530
  lastteleport: 1571701354349
ipAddress: 0:0:0:0:0:0:0:1
nickname: §cTWC
logoutlocation:
  world: world
  x: -54.43206424807584
  y: 75.12065423589296
  z: 1000193.3386225736
  yaw: -268.82208
  pitch: 33.89998
lastlocation:
  world: world
  x: 97.77931864468064
  y: 68.3863040569328
  z: -93.00920081879954
  yaw: 166.65009
  pitch: 31.80001
