lastAccountName: kigxin
timestamps:
  login: 1571696793216
  logout: 1571696836377
  lastteleport: 1571693081356
ipAddress: 0:0:0:0:0:0:0:1
logoutlocation:
  world: world
  x: 999914.1932296564
  y: 68.0
  z: 42.079839940847826
  yaw: -306.17245
  pitch: 90.0
nickname: kigxin
lastlocation:
  world: world
  x: 15.810086839357458
  y: 62.9375
  z: 999984.468234315
  yaw: 318.4276
  pitch: 14.754486
