world: world
x: 16.803453936269754
y: 63.0
z: 999978.4223190049
yaw: 349.47766
pitch: 23.004509
name: AdminBase
lastowner: d098f69d-87c8-4e5a-ac2c-e660393a3b27
