world: world
x: 33.529942950842425
y: 59.9375
z: 999946.029884234
yaw: 2.8278809
pitch: 30.654505
name: Mine
lastowner: d098f69d-87c8-4e5a-ac2c-e660393a3b27
